ssim_list = [0.008026707, 0.10097946, 0.083811365, 0.28805774, 0.10560926]
nmse_list = [2.751705567690962, 10.805817840527455, 8.280908349146909, 1.0092821547633208, 10.712555026909598]
nrmse_list = [1.658826563475206, 3.2872203821051387, 2.8776567462341487, 1.0046303572774022, 3.2730039759996625]
norml1_list = [2.0110067343780034, 5.190200880864977, 4.64736967784426, 0.9851763598129655, 5.3449353276123475]
mean_ssim = 0.11729691
mean_nmse = 6.712053787807649
mean_nrmse = 2.420267605018312
mean_norml1 = 3.635737796102511
std_ssim = 0.092329174
std_nmse = 4.084854495358889
std_nrmse = 0.9243151561597238
std_norml1 = 1.790326098689435
