ssim_list = [0.88737696, 0.8818014, 0.8953481, 0.8785738, 0.88338584]
nmse_list = [0.01997952650470341, 0.049460931339705194, 0.0360226506263147, 0.015992872489512578, 0.03091957807644627]
nrmse_list = [0.14134895296642067, 0.2223981369969299, 0.18979633986543235, 0.12646292930939318, 0.1758396373871553]
norml1_list = [0.1441299433432674, 0.21059711809699475, 0.19104140889741916, 0.14071051332638887, 0.17387479097954897]
mean_ssim = 0.8852972
mean_nmse = 0.03047511180733643
mean_nrmse = 0.17116919930506627
mean_norml1 = 0.1720707549287238
std_ssim = 0.0057692914
std_nmse = 0.011927503066708402
std_nrmse = 0.03429602041926916
std_norml1 = 0.026875917184189087
