ssim_list = [0.8452077, 0.8671214, 0.8476655, 0.8531203, 0.86999524]
nmse_list = [0.037256567818291945, 0.03973617798263977, 0.03983307680478543, 0.018500440398824067, 0.02960527046272726]
nrmse_list = [0.1930196047511546, 0.199339353823172, 0.1995822557362889, 0.13601632401599473, 0.17206182163027117]
norml1_list = [0.20389995422635715, 0.20825318225619174, 0.19580822221422972, 0.1471632496062916, 0.16883564053455122]
mean_ssim = 0.85662204
mean_nmse = 0.03298630669345369
mean_nrmse = 0.1800038719913763
mean_norml1 = 0.1847920497675243
std_ssim = 0.010117787
std_nmse = 0.008147955347836418
std_nrmse = 0.024184969744986455
std_norml1 = 0.023269836282270393
