ssim_list = [0.1080122, 0.11967361, 0.16699573, 0.09828084, 0.097710416]
nmse_list = [3.3360815416227636, 4.901976013582379, 1.8257861082570102, 1.6510737290276756, 1.1223366154841228]
nrmse_list = [1.8264943311225368, 2.214040653100656, 1.3512165290052554, 1.2849411383513547, 1.0594038962945733]
norml1_list = [2.1859187228911994, 2.812376162238332, 1.355674616914115, 1.3725822312589882, 1.0993711297635194]
mean_ssim = 0.11813456
mean_nmse = 2.56745080159479
mean_nrmse = 1.5472193095748752
mean_norml1 = 1.7651845726132307
std_ssim = 0.025704324
std_nmse = 1.3797803917501106
std_nrmse = 0.41660918097593164
std_norml1 = 0.6385561828883316
